11065355869452549256 515
11497842240693248648 513
10056690497373710504 512
10200663021970373256 502
10056547699676757672 499
11497840454288908456 498
10344920873827416712 496
11497842582948461224 494
11065494822918930056 493
11353727187942421160 491
10056547625857035944 490
9912432302221211784 489
11497842650896179368 488
11497840386374709928 486
11137413942916228264 485
11353727191666959016 484
11425784716180106920 480
11065355939010950312 478
9840376841708348040 477
10344920873558909064 470
9840374639430312104 469
11281526793758124168 466
9480088388334857352 69
9696399845010485384 48
10633148772588239528 5
10416978189497711272 228
10561093311001603752 86
10921240607053654152 10
9336114007003676296 144
10560952430705519784 51
10705208566723128488 407
10705067762897759368 195
9480088386992615560 44
10416837243703406248 262
10705067762126010536 247
10705206159360503464 259
10705067758636345512 181
9408031136518585992 192
9696261512166980776 84
10633148777420111016 297
10489035785146248840 157
10633007831357340840 19
9408031069174774952 61
10344918739195043976 473
10488894911829519528 310
10561091110904641672 150
9335973061477906568 52
9335973062249659560 308
10416977981997164200 254
9408169402018408104 385
10849323751309388936 225
10849183018619250824 62
10416978186544955048 102
10777263957711339176 328
9768316841146524840 177
9480229469420598440 142
10777125355895469224 3
10560952436342731944 101
10633150970537816712 75
9408028728149229224 174
10849323681784540840 173
9768316496710285448 72
10560950170747417224 350
9264056686233005192 115
9696261444252740744 59
11353584386957189800 495
10633150833904104616 73
9408028523869811880 361
10849323753993747592 214
10633010166208934056 76
10849183020531924136 172
10921381077448665256 83
10921238411519994024 226
10777125010922285192 332
10921379145787122312 342
10633150904502697096 89
9480227270900687496 370
9480086532908986536 32
10777263964690690728 164
10200662816617211048 471
10921381207371427976 344
10633007762637860520 364
9264056549565805736 207
10489033176222054568 319
10633148777118084776 93
10921381283573611688 74
9336114215041154184 88
9768457234768999080 295
9480227268249857192 410
10705208427908506760 194
9264054413926873768 258
10489035577343687336 90
10344918675307471528 472
10633008035368350888 405
10777125014412016776 184
9480229464588692104 286
9552286921187666568 336
9840374567254636712 429
10633007967722617000 126
10921381349105416360 120
9624203850483246248 290
10777123151503505064 343
10849321415115619464 20
10921381006581704840 66
11137554684464709288 432
9335973201064241288 317
9696400053584869512 12
10200803623865268360 510
9624201720951321256 374
10561091178013408936 320
9480227202751573160 322
10777125286102186152 327
10705065557465512104 334
9480086464189506216 293
9768316908255425160 346
10416978194598047912 349
9984492297917609128 492
9408171600202740904 408
9408169672601253544 355
9336112082287865480 92
10489035719111189672 315
10128745961946688168 476
10560950370698306696 229
9624342453909761672 362
11209610079177389704 434
10056688574033603208 468
9768318972792421512 298
9480229402848541832 312
9264056550371211432 401
9912572903344351400 482
11497840313091859112 415
10849182949128088200 338
9768457504278260904 306
10705206227039690888 331
10633010167282742408 41
10921240336705596552 79
9624344652127741096 302
10633010097757988008 8
9696402177983097480 378
10705208567226547368 400
9696402182009633960 68
10633010237612860072 387
10849321414847184040 304
9264054417148194472 257
10849323684200562344 248
10921240615375153288 0
9696402182814907560 394
9336114280270996136 329
10849183016505390728 189
10633008037247334056 7
9696402114632236168 399
10488895050073880744 330
9480088382966114952 379
10921378873325169800 382
9335973125868758184 269
9480229469688970408 26
10777263963348417704 390
9264056277137367720 265
10849182948054279848 324
9696402177177790632 227
9480088663749668008 292
9624342250435686024 381
10200665220188287144 423
10705067689648338600 335
9264054215016201352 368
10416975855183016104 375
10777125081285959816 24
9408171870282428072 235
9696402252339719336 249
9552143646682326696 376
10416835117929577128 358
10921240474983413928 81
10416837247998441640 406
9480086120558603400 363
10705065353991469192 252
11281528856382546056 516
10705206295759272616 245
10561093379452677256 365
9840517713112345736 511
9696402180130581672 244
9480229471836549768 373
11353725262958278792 458
9696261439957872296 99
10921381283036774024 403
9408171533362380424 232
10849323751040986280 357
9408171873201634952 198
9696402109531960968 17
9768319107010210952 15
10849183015968517800 176
9624342453104453256 340
9480086530224662664 372
10849323684737427592 242
9480229331948092552 82
10561090907698933416 352
9768316699379085992 333
10560950301744017032 267
9984633042116878504 449
10489035651196957352 71
10921379151659148968 279
10488895047389494408 100
10272863549298653864 426
10633150770016468648 388
9768318969571190440 272
11497842648178307208 431
9768318694659795080 277
11281667535809917608 481
9768459567171185800 204
9264054075933140648 266
9264054482646417032 264
10849323689535678120 391
9264056689420740264 255
10633010167786088616 148
11425784781443506344 454
9335971201991850664 251
9696399981375760040 271
9264056689185892008 253
10777123226665465512 239
10921240611583470248 270
10344921142229248680 418
10705208433042302632 268
10849323684468990632 237
10200662955901693608 500
9768459778429922984 234
10056688572456614536 416
9696401909514086056 233
10416978119972956840 260
10416835252986130568 21
9552284724311927432 337
10488892368940546216 236
10344921010964373640 438
10560952156096050312 46
10921238409640982184 347
9696259313915408520 341
9624344656154213544 296
9335973538219179176 250
10921379010495724680 18
9768457640911939208 95
9408028800056369288 130
10921379151122283656 70
9768457504546731656 4
10633150838467474056 98
10849321557386439816 156
10416837111633164968 161
9768459844766936200 299
9768319103788982440 85
10272720479643050152 448
10705065559613062824 273
10056690771177812616 483
10849323758020279944 199
9552284796252600488 307
10489035646365151912 166
10921240403579518600 22
9335971346980648616 386
10633010238686607016 106
10489035507852491432 77
11497840386643177128 508
9696399848500211368 398
9696261439924249736 45
9263915879756774568 27
9408169605223951528 29
9264056545304387752 30
10921240614032912040 284
9336111802074902664 168
10705206229187182216 16
10272720543530728104 479
9264056277137467016 218
9696261439689372808 33
11065356350488851624 475
10633010094771549352 37
10777123227470675624 108
9480088662138960008 25
10633148776077900968 107
10921379012106368680 404
10561093382103477896 96
9696261308692839560 47
9768316903658365608 285
9335973264113089672 2
9768459637803302568 256
10056690705444748968 444
9335973267871119528 60
9480088657843987592 49
10633007963427616936 38
9336111871599623816 389
10561093173562621576 230
10849180816945228968 351
9264054073282309288 215
9768459633776666760 348
9624344652127680168 325
10849182809541651080 23
10488892714416911016 241
9336112082287934120 318
9480229328726894728 110
10777125351332002472 13
9335973407759611048 1
10633007624091712680 34
10705208562394705544 183
10489035441280493704 113
10921240474144483464 65
9768459843961728648 367
9264056408133905544 145
10200805960629398184 411
9696261445058144936 359
10416978190571515016 114
11497842648480295080 504
9552284721594087048 356
10633150975906528936 118
10344780411216901288 507
10849323548372217512 243
10056547425335750312 463
9624201651191621800 294
9696402250460637352 119
10488892712537897128 231
9264056412395382440 261
9552144128523971240 103
9768316628780492968 282
10849321553896748200 122
9264054487713069224 409
9768318832635558056 289
10777266161566427304 240
10633010029038417032 55
9768319038022235272 43
10849323757181418632 180
9696261510791249032 206
9336113932378613896 123
10705067761857510056 323
10416978192416977064 402
9768318694156516520 314
10489035786756929704 104
10849323757751877256 188
10777263891676217000 380
10416977773959589512 125
9264054349468840104 208
10705208570749723304 223
10777266162908609704 165
10561091183113682600 94
10921381351756150408 201
10560952568681441960 132
11425644317490821768 453
10200664804348242056 509
9480088455980523688 275
9552145908251076744 274
9624203918900832392 210
9264056548525683880 134
10921381282231463080 14
10921381351252928168 170
9768318833172493480 135
10489033587465206952 205
10849323618400316552 392
11065356071047638152 443
9480229195079494280 158
10416975923902463144 287
9768459774705384584 200
10705205889079557288 117
10560950101222664360 137
10633150695123035304 154
10921240195005165192 339
10777263891944652456 138
9768459708133386408 129
9480088662407493800 139
10561093375694549640 121
10633150975101186216 140
10416977705508612232 124
9480229190516129448 393
9336114208598703784 136
10921240474949856424 78
10705067761320705704 116
10849323758288743048 111
10489035785414749352 112
10416835185340364936 143
11497840180719561384 487
10128607630143372968 435
10489035719648066728 87
9480088657575591048 58
9408030930393676936 53
10633150970269313704 147
9552144127987037320 316
10849323752886383752 197
10921240407337678504 11
10489035649317942952 163
9624344658301761192 169
10705067763166162088 151
10272861353194660520 474
9768318759654662312 128
9335973474331604136 31
10633148706284709032 152
9768318763412765864 64
10560950373684624552 40
10921381350716028584 153
10489033244404656264 127
10777266158076732072 155
9408169607371531912 159
10849182948859624616 36
10849183015700118664 186
10561091178013437576 377
10849323477505190056 160
10921379151692736680 203
10777263888689867432 313
9552144052556737192 263
10633150838199139464 91
10777265888836041864 224
10416837250682823336 238
10633148706821618856 288
10560950165110302888 162
10705067557813002408 167
10849323755335923368 141
10921240612690803848 80
11281669868748841096 501
10849183015163210888 171
10560950369087760552 178
9696400051403761320 360
9408171667613658280 397
9264056620466420904 309
9408031063806094472 63
10921240542897548424 56
9624344651825685640 345
10849180745239372936 39
10561093100816607912 182
9408030930662176904 131
10849182879603242632 185
9480086464189442216 326
10849183020263484552 187
11353586721305509544 467
10560952574587020456 146
10921379150082195112 278
10849183020766737544 190
9552144057422067880 311
10849183015398123144 191
10705067553014787752 179
11353586659565350568 459
10416975925479586984 216
9696402246702509704 366
10560952639279966344 193
10849182944564622504 35
9696402248279600776 196
9696399909435058824 281
10849321551749262504 97
9408171805824360584 149
9480227265028667560 202
10705208565112614536 369
9912434571574621352 436
10633009887572966056 67
10560952572439473288 54
10849321558728621224 209
10705206366357765288 305
10344918668864958632 460
10633010025011985544 57
9696259310996172936 109
9696401976086082184 354
9624342457902805640 211
11065353877393023112 506
10633007757235632776 353
10200664811629554856 514
10272861353463000200 428
9408169676627817128 212
10344921145450539688 433
10777123228276047016 303
10777266023053737128 301
10921381352863513768 300
10488894980549032104 42
9552146322480478376 9
9480227269826851464 213
10849183017847598216 217
10344918947803016328 414
10921381348031708808 175
9480229471568117384 384
10849182946980640936 246
10921238275121298568 50
10416978125341698216 28
9264056414274432680 222
10849321553896779400 219
9552284586336107176 220
10633150907455420584 395
9264054348395101864 221
9335973194890225832 321
10272861217668276904 412
9480229331444709544 291
11137554333049071272 417
10200803693926817928 505
10344921149745406088 419
11209612206293494440 422
10128748365517796008 420
10056688297578705576 450
11209612277932205736 421
9912434565366982792 424
11281526729031662248 425
10849321490546014376 396
11353727464699379368 427
11137413946674363560 430
10272722680780274856 455
10056688572691494568 437
11209469340883657896 497
11353727466276432520 413
11425782791497955496 439
11425785058972152968 440
11425784987836823720 441
10344921009924193416 442
10561091180697795240 280
9480229469152131752 105
11209612277428892840 445
11281529134783673000 446
10200805548581040296 503
10416975992621938344 6
10344918946460841608 447
10056690355404910248 451
10849321552286165128 371
9984633038660805288 456
10993298410739611784 452
11497699711935165608 457
10200662606130225288 461
9624344654006760616 283
11065356077255146120 462
9263913610940265640 276
9840374711370950792 464
9624344447311427240 383
9768459845001918632 133
11353586453675323560 465
